20.282407670051626 13.224313230186295 84.63694347963373
53.69840590979782 67.16966943443522 135.40282782390724
53.553209823352006 67.11948667324778 135.55849950641658
52.44408132243967 65.84105015613555 133.24796638266702
53.835639396655885 67.1889285294233 135.49660877406203
54.08393039918116 67.6461526276187 136.60429289929112
53.62706400377418 67.12471825694966 135.66080113883507
53.61075554167967 67.11770718666457 135.7174083975468
53.276736924277905 66.95165103633067 135.2434391993065
53.54803070243449 66.9976917057903 135.2380281690141
53.83088120206605 67.27256971797699 135.68886875689302
53.47133359405554 67.04564070252816 135.18866661416084
53.71282170723186 67.20505508242832 135.33147120868819
53.75926507537689 67.30794152508889 135.75037534571317
53.53243190280227 67.41448382126349 135.62881751017343
54.43631878406875 68.24499740384232 137.14738187482527
53.647197640117994 67.44992875237492 135.987610829639
53.91079701609737 67.63314123312544 136.09007657693218
53.823133535361485 67.52202477539875 135.95931452091662
53.63952711990888 67.0637902396583 135.36403543462785
54.1802451617989 67.6414131423824 136.11741899750763
53.89239354123793 67.37424827751006 136.05177426420806
54.064525029562475 67.42867340868531 136.0031330557208
54.24501628147089 67.80493551092121 136.77965898654315
53.67975890324614 67.1156511066239 135.6360216969553
53.98758620689655 67.29243037372055 135.63064349757994
54.095016505588035 67.6586548091175 136.72535352321435
53.36671072067169 66.66928053322877 134.86786904528523
54.105495545218005 67.6622093484644 136.60042853741766
53.81703470031546 67.19984148999406 135.70905488408957
52.995025842303654 66.32242642736784 134.17923899839334
54.185143903507026 67.81386249301286 136.710253134233
53.88049417913994 67.49685459468068 136.22519509476032
53.59839701190569 66.93613933236574 134.83650413839092
53.94412217355274 67.60417740081645 136.0473227379018
54.137561552097694 67.87504455622005 136.31482434947918
54.351819005951675 67.95257323832146 136.4288598574822
54.1462419271762 67.97346224238083 136.6786424763269
53.85062843676355 67.7249515062745 136.07968805668818
54.226900075250505 68.07470714797992 136.8708263606662
53.61974091033619 67.10149783208514 135.4520299566417
54.21115960835201 67.54102442494664 135.99513872421153
53.94854621385234 67.23185364115155 135.72957668395833
54.173163418290855 67.65578069129917 136.5797377830751
54.24571114513407 67.53474415666456 136.09179564118762
53.62848091364205 67.26021251475797 135.707005116096
54.23482942933501 67.80814229249012 136.54553359683794
54.22063692259184 67.74141822069129 136.54899631785247
54.17384414246662 67.77562139590376 136.70355935573673
54.49155218695721 67.97032534858778 136.78941723274937
53.9495196093873 67.47481387612862 135.9489149374307
54.22880225900071 67.67542717335543 136.10721755258277
54.44516816674562 68.00673988026801 136.73286286325973
53.66996209604939 67.38132127408572 135.79174203696422
53.761538461538464 67.38563119006446 135.57966514698947
54.21192443919717 67.86787083514486 136.51891229595668
54.44296630637051 68.1359964986273 136.88194803644612
54.49848168158694 68.31405909181044 137.02502478683323
54.150484484720096 67.77462562724722 136.28997589790194
54.67534564934809 68.36120136302401 137.25679530866154
54.43773017067279 68.01646516067451 136.91986159720014
53.94806413766132 67.49199779249449 136.07686849574267
54.315698789990996 67.71677688552984 136.37986143914344
54.48167932890155 68.0394878116674 137.09297331689666
54.06487845108589 67.33743929882743 135.9874847013305
52.019100019650224 67.90065833563291 136.72744116371663
53.982393256656685 67.83968498951285 136.15196485812655
54.069614779874215 67.99419660481642 136.30979076194237
53.91619915848527 67.84687646782527 135.8971348050728
53.28151162790698 67.2998127633016 135.14097363083164
54.05312377210216 68.09758983866514 136.491381010611
53.54043253408557 67.45658075939406 135.5056462718867
53.28040012503907 67.33414500039274 135.2915324797738
54.11734512575512 68.42057224493036 136.94245803404897
53.13630908598196 67.37287211250049 135.2948852791087
54.87929943860204 68.53931647679912 137.76263247727545
54.126003656888464 68.49772908366533 137.23721115537847
53.32727844617441 67.51220957799906 135.4745535008693
53.93173039022467 68.23562012588576 136.66228573690668
53.5538788021693 67.43697910494924 135.67195955286962
54.79476203447873 66.8411919437792 138.92858545011975
53.784370591001725 67.77121451104101 136.14463722397477
54.08189244923858 68.0468115595892 136.92440888464293
54.36470307465893 68.20668850887006 136.90278887645837
60.81331155898988 67.43732061284715 143.43412701621054
52.962977336230985 66.91780285221752 134.64641122081179
54.06448546304365 67.96609967411176 136.4024719815595
53.415058066541114 67.52792920913329 135.76657185747018
53.41487149303512 67.0934247871334 135.2911542100284
53.53907697158397 67.39585726167373 135.83872628618954
51.459408358608734 67.15616243734954 135.71202494178934
52.11080607941434 67.9401099776857 136.86985973860376
51.85845602865101 67.83964898284802 136.72369365775828
52.547484465824816 68.42835946585396 137.875686730561
51.49293383862309 67.50249031543996 136.0584631196142
51.51177942870764 67.4262027833002 136.16874751491054
51.66610048980882 67.4537735476482 135.9325066150626
51.690165224232885 67.68015763546798 136.22423645320197
51.26482682271074 67.1699628193972 135.35408591092477
51.72064968855949 67.76138828633405 136.1407217511339
51.75122339367416 67.84254385964913 136.6207735247209
51.382998745294856 67.2261853321287 135.56129944612485
51.530187041275354 67.62739671871911 136.2722672464914
51.698733773990604 67.64094481905597 136.487052627379
58.81934184016118 67.1581751181607 143.140831530882
51.67187747348425 67.46857392270455 136.31846678835012
51.50459153249851 67.40223663787957 136.43610458868946
52.14627691567424 68.09224722255645 137.38439016564394
51.691835432945304 67.64753083955448 136.86270909018324
51.712079207920794 67.50543564513569 136.32641644183462
52.078785947582254 68.03579561343933 137.22943549998
58.576667338303444 67.61489188086496 143.72647898816808
51.34866674590911 67.2111751839332 135.6165838138795
51.675782182947216 67.39295544297738 136.14843033228289
51.81235040689325 67.80837892887097 136.7677622908263
51.48501629943836 67.44126345676091 135.72542292677156
51.78319006685769 67.99110809840903 136.9025479484828
51.64470884879048 67.62777755851127 136.18920945652602
51.70089655989573 67.89466186537929 136.7007241502117
51.48904560041203 67.62595238095238 136.20619047619047
51.825413753604295 67.78935715980074 136.2291057167708
52.05701597874787 68.27383504008891 137.19004524886878
51.66399297657528 67.67185125949621 136.46341463414635
52.05518255134877 68.14854438434617 137.21364937957367
58.296110562685094 66.54626256155663 142.38083036393482
50.96607324119622 66.80800313848567 135.03205178501372
51.858092863080394 67.77734622701331 136.7069594166138
51.5641290938756 67.57237392864262 136.59402033087503
51.86669575219133 67.6367246445874 136.44511952982288
51.38552021862252 67.18273609186299 135.963017224312
51.27309552837535 67.18937388899862 136.03673711238397
51.40999213217938 67.22944949435329 135.63585566442373
51.533685705269804 67.50215355435255 136.36092780653573
52.21309709086556 68.26662138404987 137.4676362474029
51.69161310673869 67.54416528403254 136.25657738800663
51.404193037974686 67.39410739743387 136.07912244574686
51.88508064516129 67.89379900213828 136.77908450146512
51.1007556675063 67.3892879696874 135.90101041995578
51.65336076274875 67.63364767414217 136.19732149932642
52.09565492929853 68.33867703662553 137.36958850839252
51.81552590950477 67.78112983151635 136.6764717542121
52.31023233609166 68.38971173753782 137.0248447204969
51.93333333333333 68.00853073046859 136.74947426893624
51.79154078549849 68.02608730285168 136.91751632945676
51.98598444470765 67.9626408381103 136.62241549713383
51.69542488798051 67.58211837024194 136.0673417921034
51.47028902645795 67.31260358298476 135.76840817615027
52.747354972651415 68.32145425489412 138.11366360367558
51.67818008575512 67.59137862534763 136.69709972189114
51.89549090619652 67.80969851650981 136.7862896793747
51.297108870332444 67.20780553253621 135.57148494534547
51.528230717849986 67.26930942268366 135.7481909705836
58.49384028023773 67.2186026061236 143.00811415780638
53.90313805881889 67.12845161800776 135.8043753461508
54.20533089695718 67.76241926481141 136.90913802727056
54.05606628526336 68.02830188679245 136.24096242270494
53.59086049182275 67.7144108628997 136.07979930713176
53.7654534044556 67.76294632300781 135.95416568140615
53.5347436749697 67.548493667899 135.6623141666011
53.67856433874618 67.61481805876264 135.898877299148
53.89196467466635 68.11029411764706 136.4947535771065
54.105928980343485 68.32424181562563 136.93408314922675
54.27800302090786 68.6443239363611 137.13808365564816
53.89383871348248 67.92235349903189 135.8423756272968
54.15970701803272 68.23107935494173 136.78145457448508
54.19946176982745 68.2356986682568 136.52748956469887
53.36334316617503 67.51338103332411 135.6687749535518
53.49826210601153 67.7546024440565 135.85260276146644
54.12264822134387 68.09177403369672 136.40610505450942
53.92394410924103 67.82702120873864 136.29835751873705
53.657214870825456 67.4469708952863 135.4529421069282
53.47363439163873 67.44452818214272 135.57474911744873
60.688254752700175 67.46722804744748 143.23197441399134
54.009398199336594 67.87337804055394 136.2739970636086
53.6591758825613 67.70344854891714 135.97398740943106
55.184430470429035 68.23873675794523 138.14667199680193
54.36543875649312 67.98194355867346 136.95412149234693
53.724565855205775 67.71304971891072 136.09680634743432
54.15849582172702 67.99301898835168 136.34777405457157
60.56692820714005 67.29019748940593 142.50351802990326
53.86509516604284 67.99587917583517 136.50262052410483
54.34787641705253 68.61839679358718 137.14180360721443
53.896894856731805 68.21566661318788 136.6924434461736
53.555841482243956 67.52571133365124 135.3175965665236
54.194668788541875 68.4284630738523 136.7053493013972
60.248304746709216 67.78030701932035 142.89635060148245
54.04450230796544 68.1442582592122 136.38397395171538
54.21302454473476 68.10126028704329 136.5803681469407
53.924700718276135 67.96889156143516 136.37598717177792
54.21231245534651 68.20011146053103 136.66585725090562
53.987645493187145 68.15989300542958 136.81407697221334
54.24767863547603 68.26446479267463 136.98244631932505
54.299151736166166 68.39068842021489 137.08742538798248
54.06478411950314 68.07760487687494 136.88982914895323
54.3588029290035 68.22796085480327 136.93808667864988
53.91308987431824 67.85997541341159 136.26668517270096
54.0641557612512 68.02867785476829 136.5144791124284
54.341441155463855 68.53969769291965 137.1840891010342
54.55994251267516 68.5077064734377 137.48208495135916
53.920451406700074 68.19255002972062 136.68999405587476
53.894499725769805 67.96872781765123 136.36485527249783
53.76758012441925 67.80017400245185 135.813184640329
54.0396912467675 68.28913574411092 136.42830694083352
54.03350156976513 68.40013595105762 136.86388899996
53.116579406631764 67.4707794751273 135.12303172737955
53.14435146443515 67.46110806792393 135.01322482197355
54.69547423212938 68.35665004985044 137.6691924227318
53.031175245003475 67.10346841060377 134.75253999766437
53.18920683695026 67.09867988076343 134.64670357322598
53.109759404904885 67.11203092662736 134.87715256355187
52.89132678414434 66.87426911907068 134.3034656340755
53.78350434406573 67.59448150633561 135.77862866616667
53.80125441003528 67.63645673323093 135.97108984205758
5.969262906595047 1.9880478087649402 9.93227091633466
53.851452578177636 67.95784431137724 136.64463073852295
53.76031795755345 67.7898490759349 136.00429522796233
53.87952841973767 67.90430753524168 136.31165822436878
60.90271610864435 67.75924797985951 143.8321354610793
54.153129686636674 68.16689786373905 136.5417938250565
53.94506444514304 67.98765188575035 136.41178791226133
53.79023303096653 67.82620814195423 136.02547795705257
54.15241020793951 68.27855219388563 136.69047996198321
53.17803059718879 67.34214224373487 135.16316652353814
60.16778470209979 68.39202483670671 143.18083219095234
61.129588766298895 68.36423274386766 144.46976611523104
53.817058823529415 67.77577451482108 135.78132504034957
54.18381598674347 68.35672722954519 136.7193919962
54.194994087504924 68.42922754087975 137.31116126222435
54.01356932153392 67.87659876835623 136.36242696984053
53.08666564134113 67.1700155159038 134.89530643910007
54.83066534260179 68.31513073979592 137.99976084183675
53.99048029460158 67.92659432256035 136.24604859636707
54.75204295132446 68.4212631162146 137.7708968521085
54.30524062475224 68.14141936510462 136.8493913596945
53.906712483892385 67.91670595630991 136.22096495363823
60.97321251928936 67.51073409986331 143.64412639704108
54.09171340548227 67.89996435784721 136.34854065185536
54.47543650793651 68.34181803696622 137.12428298279158
53.99453078890419 67.9294410625346 136.56466914380584
54.67199904256592 68.64929250939323 137.4759373251259
53.45231928420061 67.44042964893575 135.50464005054693
54.14190290644507 68.19134178426214 136.8248824045284
54.36084971213024 68.4824481013667 137.28437661871936
60.02639936482731 67.55774352352513 142.60564119118715
53.75659030284011 67.84076734822767 135.88166100892082
54.18982379726787 68.48403895845756 137.00771218445638
53.95872397902431 68.23657243111766 136.7204433988596
54.201528401481134 68.27214864597747 136.4751531923305
54.22793623165473 68.35360190513991 136.65493153403452
54.04924587308499 68.18091490799253 136.6862207384444
54.51456736909323 68.6144013463696 137.53822728001282
53.88809063277149 67.93915008324744 136.42361056053278
54.08760480936561 67.95970492583486 136.49567700483857
53.9125 67.86588690876042 136.27308649780693
54.132154213036564 68.08989749930204 136.80477007139154
54.129408035502024 68.15580488581205 136.6789209835283
54.517776366955005 68.39142550057721 137.18705465546753
54.288271164963966 68.15247634947134 136.9155338262183
53.873196241104075 67.83495951017183 136.2180920402923
54.267951383336 68.31369560858231 137.30816121916985
54.077913306051094 68.03039125752802 136.57851074861404
54.11026226667717 68.10250731630151 136.49205093727755
54.00874624030394 68.05413241193058 136.6776678978514
54.16799145806146 68.27602636385294 136.88692130548716
51.56425400348819 67.65783209014442 136.4348912870973
53.48468489613895 67.62500491758134 135.5442385617058
54.60003187631988 68.90901469179175 137.7749121686362
53.96235711470241 68.10349467685123 136.4131080064907
53.60455381244865 68.09081230283911 136.2263406940063
54.38135794644272 68.64137300862103 137.5055420920901
54.009434710219615 68.22749003984063 136.95258964143426
54.38804091266719 68.36505743496625 137.08206686930092
53.89907215284031 67.95180343361159 136.4281382894944
53.976070528967256 68.10080214960287 136.66775990832576
53.9711798611928 67.88511543613585 136.3334646599953
53.555433804249994 67.56607704402516 136.00837264150942
54.15731403487958 68.1039708040779 136.75865762227775
53.36170295489891 67.30050050832877 135.3625557206538
54.028914713413435 68.13149158169314 136.67148841988777
54.596253819596015 68.83080536645568 137.85027270193876
53.9839542676917 68.12808037656738 136.96147304299672
54.15694149145602 68.17214409859378 136.72219149944698
53.76527886881382 68.09038924162952 136.71215049098868
53.94280126132599 68.33166613316261 137.27132682458387
53.66605640386413 67.87054218046585 136.00696809551772
53.899608091524485 68.15763331478979 136.5136295001192
53.847508489299535 68.11162109761405 136.79400941716457
53.63813122367851 68.05621266664029 136.37442145654495
53.51133144475921 67.79009564461307 136.23879535214607
53.20665937158043 67.55703324808184 135.61463702537873
53.610854050662695 67.86324786324786 136.21670802315964
53.78037715007101 67.97566967823744 136.77460770328102
53.70218546958063 68.01898608743906 136.77521899401484
53.434660883280756 67.54937049647637 136.05107292738936
53.5073087863464 67.60218297281206 136.38007541178806
53.94246023915703 68.00427418078202 136.80900744024063
53.21 67.24678794546384 135.53687477898708
53.926856240126384 67.99345679501923 136.94273704247135
53.361458985598 67.32791338582678 135.83003937007874
51.64074410521743 67.68833841161806 136.8962447073721
51.29247244341584 67.48010057753507 136.35363218481123
2.497867154174284 1.0070588235294118 19.108235294117648
51.38984783548933 67.53414826498422 136.25055205047317
51.675089683447 67.7352500394384 136.66449755481938
50.39054399133328 66.46936636123621 134.5865041155459
53.38650930123495 67.75485694101025 135.97233015424467
53.25693819235135 67.46393010350663 135.64130819788264
53.5683619810062 67.79219858156029 136.08498817966904
53.74404222633631 68.30961347869177 137.00927651139742
52.99348220139612 67.23784560422492 134.8037045666356
53.87522106504225 68.008806919158 136.5221752695391
54.325385639339125 68.26423645320197 136.6503645320197
54.327230121534676 68.22086526181354 136.71216475095787
54.157388505025125 67.83893651483427 135.92968040137478
54.781402741903435 68.72366217401706 137.5325384799426
54.22205521715054 67.9263216427692 136.40723676371292
54.582317073170735 68.302724600842 136.91957264278338
53.889808139305835 67.7270855604387 136.15362077839808
53.98927487086471 68.0062321371864 136.53878215306446
54.600468031096305 68.42117834394904 137.15099522292994
54.26908027350698 68.09081879941202 136.7743037622661
54.86307582146551 68.84575743048897 137.95238095238096
54.099952647778395 68.13477121067683 136.64696536383858
54.38506751389992 68.3 137.24094173982442
54.934821822263196 68.94878391959799 137.91449246231156
54.224978276325146 68.13819364563088 136.7477291658403
54.45116334471532 68.44382381104373 137.00019948930736
54.18336903911767 68.38471043086612 136.95946430706684
54.33329341317365 68.37680637284336 137.11664865297627
54.08074362913072 68.19603489294211 136.3645122918319
54.4854046357092 68.69161629016862 137.364102768056
54.035633952882684 68.10829895271343 136.39412091399555
54.897994109687176 68.91261941879522 137.84430587200703
53.689683534388216 67.44775473257508 135.4514542091385
54.567777379672755 68.46791849780264 137.40643228126248
54.15564309631672 68.14119884315201 136.6842042708292
53.571779093316714 67.26241663397411 135.25123577873677
54.60764563588056 68.56951030003586 137.31226839861338
53.71550001958557 67.58353348820727 135.53148009607435
54.33371577781295 68.25171688301377 136.72899051248461
54.63725256379681 68.63560944479897 137.630863114231
53.83645964691047 67.88557391338801 136.35100439795553
53.89209112653413 68.0435158954989 136.711795719232
53.51589871639811 67.64334678209096 135.93799208743
53.11045580596024 67.33301960784314 135.6434117647059
53.52468747543046 67.75848878021849 135.97188153172695
53.31013181192209 67.605462582886 135.9003394379539
53.363550333188755 67.69463897131553 136.1330168150346
53.85537485124951 68.33228490663694 136.98602540112276
53.185500059038844 67.55181818181818 135.8310276679842
53.32744859041403 67.70527064963821 135.84856272982483
53.712674266195336 68.27454494762416 137.1067033098339
52.82903743106348 67.03623701605288 134.957900535096
52.98021969430437 67.2492814111903 135.29353860692208
53.48259906667721 67.79177418714518 136.32534042637658
51.18216520404549 67.49873747336858 136.4772350666772
53.530134236113845 67.74675247759308 136.12216211947722
52.71177818337152 66.98848639122772 135.0467201879773
53.28972366148532 67.48078363356854 135.8249832472703
53.19297275957363 67.43103448275862 135.875188267935
53.46804221510732 67.57191033525095 136.1047411227931
53.6149946952729 67.81144117878812 136.31605074462217
53.38020091757633 67.80331509239433 136.321040526608
53.77606830880617 68.03525324700959 136.64995460108167
53.35294580970385 67.74848736504923 136.16178273421124
53.082351098406235 67.40222169885382 135.46804835924007
53.97498616928792 68.26614884679401 136.76353332804945
54.2271320904403 68.55090439276486 137.3571854502087
53.03374736348723 67.37412051413074 135.23859125034394
52.811400778210114 67.33521192908302 135.02281711087628
53.26679741125711 67.46165970525652 135.37118764284025
53.51318060568021 67.87775022631558 135.969693391585
53.66358036800188 67.97481405690449 136.29333753099053
53.38315399471838 67.79477139693087 136.07214048410063
53.738386308068456 67.89793496320911 136.24895165756786
53.17521031527636 67.31554853985793 135.48914759273876
53.33727695130998 67.47553985080486 135.84601491951315
53.014832405496946 67.30210047809389 134.99145701073752
53.11085603112841 67.33054131277154 135.31664644408784
53.5471211351288 67.71827889447236 135.90475816582915
52.335053730308516 66.57525148560997 134.08195129529653
53.02742789876398 67.21027742749054 135.1469498738966
53.51231722822632 67.62937537417682 135.77194172819796
52.69580036041683 67.06666141670276 134.70240579596015
53.642015681021235 67.90381426202322 136.0234541577825
53.748677457560206 68.18257657013467 136.3708735549994
52.8837109375 67.27398502167915 134.72987780843516
53.502984201287305 67.75223880597015 135.27018853102908
54.25711932219346 68.4350874428864 136.4363872695762
54.35429977380055 68.78587082121369 137.07654301310913
54.28065085277397 68.59251387412918 136.56602511118982
54.00692055051611 68.34963248299988 136.23725482488896
54.163765791841044 68.56859738114899 136.4728480987771
54.458929126515386 68.86189657865958 136.98101859084517
54.20108527131783 68.59689228133033 136.58563751070955
54.18686401480111 68.53810910502816 136.54630168899243
54.88361732061904 69.36817681296209 138.0708667610508
54.567897871015454 68.92618973074515 137.3391515341265
54.6816576772341 68.93092541975791 137.3608746583366
54.2727807633468 68.746889441877 137.28992376663902
52.47826429980276 68.88087314792806 138.069091197211
52.79616297468355 69.28071496512365 138.58548668357642
53.92192413712777 68.24570735714006 136.54061876637854
54.77570531080501 69.0770045504472 137.80087870704534
54.688912387890184 69.1073243765021 138.052913596785
54.62652965171007 68.88646202282565 137.7930735930736
55.00548138287459 69.35943396226415 138.29587264150945
54.18333658536585 68.67535164361556 137.65184343533284
52.51574324589264 69.00440286186021 138.56038210551145
54.56623754970277 69.43415849414743 138.68245808288518
54.30064258286968 68.72228337788961 137.68367667872306
54.20459510063973 68.7122824934208 137.31584115636906
54.90326874143668 68.8870656750482 138.30866092157558
54.38493805864827 68.66924891860008 137.58773102634683
54.55393125246938 69.13097267932908 138.41234783298307
53.858527207815136 68.31079165025601 137.13627412367074
53.64949616776252 67.89091406891697 136.53393045723
54.0652284962081 68.43517203282828 137.63963857323233
54.2820310028472 68.51584751477647 137.815938752033
54.00675939673361 68.4394719264469 137.43487485756944
54.14765628069624 68.49796884243739 137.7544074147111
54.46411521010061 68.79354838709678 138.09277656837523
53.958628517750206 68.3399937067338 137.31918659534298
53.88875823142051 68.26982751831142 137.23131448373633
54.015280669364024 68.2285376428853 137.01974773354357
54.29386327003971 68.78626707731185 137.9110005527916
53.335532443340576 67.69394045807483 136.16461820593858
54.25589915304314 68.78939256214679 137.9464490376635
53.70586155417616 68.07294461101468 136.84894271737414
53.93490217647521 68.36329158930194 137.21407972188203
54.579909760151985 69.0463665620406 138.24784457070206
53.4445829114417 67.93087918543176 136.61542980223223
54.214234959734725 68.7119698771304 137.8882282996433
53.938309125355225 68.34500396510705 137.3678429817605
53.82855121452716 68.16081155759059 137.18938975290123
53.74693077073936 68.49399062142885 137.50707333412146
53.69762799436355 68.08836164426752 137.17266385527924
54.041008841174616 68.44522310646553 137.74217048738964
54.19898361172392 68.51735465231329 137.87576681046423
53.75693381977953 68.01826052735143 137.12140889413618
53.985621741191345 68.19902508619664 137.4650655887132
54.06968613428685 68.48427172095246 137.92896392450427
53.61358369014417 67.92344743179754 137.0057641438667
53.67919210897135 67.95012576638894 136.87549127495677
53.79826121319897 68.19385164617215 137.4718365727886
53.77071298567698 68.15798259210683 137.29299312427963
53.871270783381156 68.1908424041647 137.21572803281273
53.27094829947947 67.65631274359278 136.34778158340222
53.991571602179626 68.48258726089529 137.48802997436403
54.475338796092025 68.70777628352187 137.65754291590855
54.02453316665365 68.4414230057849 137.14765259139742
54.94215852266016 68.8757429273318 138.4858546636025
54.84325436063758 68.5697669786895 138.36387173869747
54.477957052565465 67.99197660171535 137.20426070115806
55.26331714308464 68.89670364881644 138.9329514959747
54.88796019900497 68.44163229346042 138.36057827079412
55.20502292206498 68.76610087877694 138.86035873359816
55.068004948716926 68.671647186408 138.9281439530867
54.43500158629442 68.02200127775116 137.84575147739977
54.77411187593955 68.19428936034456 137.98715903652896
54.42661941327033 68.00572064198316 137.6864770379787
55.27605228444658 68.84952978056427 139.171810947673
54.79529589084563 68.34840075070878 138.3276364652797
54.55991094855689 68.0587929656275 137.88057553956835
54.61941185795815 68.35709723774549 138.1853345042312
54.375930081492854 67.89410739743387 137.51128623475367
54.78705891619408 68.43662083448905 138.11063121607165
54.94348942896661 68.6598815250666 138.53572138512305
54.89915731458924 68.73480218719845 138.8159778063686
54.38227868076377 68.01694510739857 137.4563643595863
55.00015827167333 68.63161449229302 138.25135070713492
54.78832436740387 68.58792682438653 138.3325327248709
54.76619405059772 68.50493388198633 138.05577084415324
54.809315112155865 68.4775067099307 138.07803549252895
54.96743463010204 68.53380954291906 138.44460050563828
54.89523658178062 68.48002075765439 138.06446848429204
54.155056004371076 67.75001967419533 136.75670890060596
54.788274772996445 68.3560729468791 137.95069331320275
54.93894869175768 68.37466945573667 137.83084027311835
54.30494893951296 67.96445216841772 137.16154514574612
54.55578585115952 68.14325123152709 137.28579310344827
54.33857772183763 68.00970489205784 137.5377698554169
53.79556259904913 67.4833027379604 136.22899660196072
54.080113614256256 68.02257672559088 137.03903892133422
54.18797493145319 67.92427713698847 137.00233054194976
54.10473913213908 67.97824287572425 137.28855780221514
53.67313257723895 67.7110133197124 136.90904090212564
52.86367848042622 66.9610748172344 135.47589049618915
51.33282250776062 68.05884206380465 137.25687278456084
50.97728520988623 67.83719284450561 136.85386278749755
51.354813421135155 68.14936390764882 137.35907805874038
53.58103664265581 68.27007586179789 136.92339137612515
53.50779047917319 68.01557889767497 136.61556316141468
53.37321758259025 68.15377031077458 136.7957485407793
53.4089152582068 68.08088292950679 136.72104602838547
53.370519328387346 67.97908245359287 136.79847729680938
53.1379323701437 67.76259161079058 136.37330422579137
52.9823861876742 67.358499377335 135.74159402241594
53.45339515875511 68.06807705944924 136.94326911712562
53.62238933915212 67.68511338268124 136.8529745819136
53.72327959103421 67.76957088152857 137.12684063005804
53.48924333787201 67.65945945945946 136.6876224050137
54.117314487632505 68.1919255637912 137.7967197602902
54.09634916277793 68.13478808886087 137.43615093745078
54.194148101663004 68.42032642119372 137.94539935346526
53.07534220016286 67.22279509413328 136.01105382392
53.836743510191255 67.81015452538631 136.98525701671397
53.1828843474222 67.24002962847452 135.66227437526803
53.310011778563016 67.40248584886989 136.25333491667655
53.64412087051824 67.8172766627312 136.71672569854388
53.066108590204976 67.37896770632072 136.1339063917038
53.66539098871617 67.88340807174887 136.90122623913646
53.747017833943545 68.1475604918683 137.05525585085283
53.65511361383194 68.06521045918367 137.14811862244898
53.625049434469666 68.01462116095196 136.93380746155987
53.65606741126436 68.28438312337532 137.3869226154769
53.25824262501972 67.58218797171685 136.2150631604036
53.68957317798122 68.08261268082732 136.96931415135694
53.60307460675938 68.00961538461539 137.01954995212256
53.13261014817435 67.25723548948284 135.74272497232326
53.66295462622912 67.63811486781086 136.33984700146658
53.56597444089457 67.87041869053832 137.10493356348601
53.63002776675922 67.77542964233024 136.82471390406317
53.42270368756684 67.49834720618105 136.41299932295192
53.36167947959787 67.4783695824734 136.40276234322909
53.915494080599515 68.12224400784282 137.36205033812172
53.48201211065817 67.66592445328031 136.66127236580516
53.11281342546891 67.30249096182115 135.9557427197966
53.88168699673125 68.16073575378697 137.29682616013466
53.70366683919258 67.88362603512421 136.9906388766652
53.454062834277565 67.72862838915471 136.39298245614034
53.363503361012256 67.91965281095716 136.6693342888995
53.58461599650002 68.08111787315823 137.11314862267778
54.01649115835486 68.4543458298399 137.399209486166
53.883974818710655 68.32728072631284 137.35799704035514
53.48230927183699 67.82736298649722 136.38943606036537
54.180170151864516 68.65435852302276 137.5523062767532
53.395175958877026 67.71163474529126 136.3484463164587
53.630699810006334 67.86517032792105 136.29254218401783
53.13815635026215 67.26193477233339 135.59941704742397
52.89365041990425 67.22091322395731 135.59094682743626
53.56843933830787 67.91682217016715 136.77829832850279
53.297543113630994 67.57366957903098 136.18403494837173
53.501125725796896 67.85033986564376 136.6408951782804
53.59277698751383 67.89654210819855 136.81403872201417
53.26588430535799 67.60349285913196 136.23013883916138
53.82019783024888 68.09027527347037 137.12882157310574
53.48901294690581 67.85190785023674 136.5492380535551
53.77167743969731 67.91069940889436 136.61471019954774
54.517956134008195 68.9901145900581 138.2381375080697
53.79858307607061 68.12885488883576 136.92425691290143
53.254003139717426 67.7651865008881 136.14722715610816
53.65117561340632 68.24192077401959 136.83571910067806
53.19362696947075 67.85029087023626 136.19846452174602
54.209816634183206 68.67337566391119 137.5568867058025
53.81615609910552 68.71723450886631 137.61765291890814
53.34342998391337 67.88255946980156 136.3679829579076
54.37272041002821 68.88055111821086 138.03099041533545
53.618987491615044 67.98991863464973 136.70311569755904
53.28395494758175 67.55039184952977 135.74878526645767
54.18031685828296 68.45708733243436 137.3495280399778
53.33128069218178 67.56765029037828 135.87086014754357
53.87696438442707 68.32028455607663 137.1359589857722
53.323354231974925 67.4932528409091 135.80350378787878
53.90591216885122 68.02392039800995 136.97671641791044
53.701384518565135 67.98262280805922 136.5459763290187
54.013825802852814 68.34265594366423 137.45412715560357
53.85262827307345 67.96891416834538 136.53466050479915
54.08078038701474 68.23098715186337 137.11471550554626
53.75599128540305 68.06962126034372 136.74582272437937
53.97031701428741 68.18679875865362 136.91660698655207
53.650847861482866 68.11611487834065 136.85871559633028
53.65138156341022 68.12262843110072 136.69742939755218
53.93869429888499 68.32166197964115 136.8543589337347
54.051907666547066 68.59474821871747 137.60447522215995
53.45190384690797 67.76389053429689 135.98748173597124
54.11911840488366 68.4947217464048 137.0346572122854
53.30695604222467 67.71012768657309 135.95170116583392
53.777083662818285 68.17737380166275 136.7856716655396
53.67614914184257 67.97721951025916 136.59987300075406
53.19168837319441 67.4188517089086 135.78848525842517
54.164469479066796 68.32935092009782 137.47476245840517
53.72652428111204 67.93264352203268 136.85038552195277
53.15927950603689 67.19789398677804 135.36095166462135
53.41079886327755 67.58302832590707 136.2557686187142
53.36312428101075 67.3328407093785 135.8879213931938
53.8911671290154 68.13256076879593 137.227852701284
53.89469485440766 68.00520562207184 137.09294037560565
53.588300570703865 67.61000199242876 136.39214983064355
53.668249446027225 67.80777031057383 136.5520340398457
53.589265246432944 67.72850103322206 136.49010491177873
53.961047228743084 68.10792748809476 136.97098723438313
53.638481892500295 67.75691770217158 136.27400849577197
52.88287440182004 67.03695058749061 135.26138386675635
53.86425536983364 67.99497005988025 136.71676646706587
53.56084110295576 67.86399744521177 136.68125024949103
53.4931286320088 67.84271929130745 136.2343984813731
53.84103051169417 68.14792993630573 136.9843949044586
53.39724676554118 67.5621595833499 136.10344690494176
53.34808376135915 67.5759682224429 136.2943396226415
53.726021965822135 67.89716679968076 136.6500798084597
54.236812434565515 68.39925689592505 137.87149145834175
54.358774641667004 68.41225559363032 137.55323523483167
53.929483620210995 67.96941176470588 137.14141575274178
53.23554307412388 67.11705765407555 135.62799204771372
54.04256683634615 68.21834869771749 137.5077492854555
53.66404761904762 67.54733444896007 136.50729141764285
53.555893987341776 67.6655906264945 136.46660290132314
53.96945107398568 67.89453920824512 137.02169136739505
53.667858845970436 67.66953012625859 136.6435991689308
53.818127537616434 67.93094342642235 136.9655117228135
54.05348278622898 68.09168340699075 137.34764965849737
53.8401240211472 67.86861255497801 136.78544582167135
54.3939138464009 68.49168177240685 137.6337562940584
53.88308269177071 68.14550190342617 137.1735924664396
53.36524546798413 67.43324976496396 135.6203776245691
8.755377688844423 7.810905452726363 13.84192096048024
54.03253778838504 68.1336505017391 137.20785191700315
53.71964585202231 67.83622418879057 136.5680629301868
53.72064007604864 67.80541057412646 136.86967608271246
54.26823445147428 68.28804608737398 137.66810689710354
54.15617188429949 67.98240083007423 137.20783781626625
53.60003943217666 67.72834207598156 136.71431409950722
53.85516506922258 67.78826469888122 136.6784495754979
54.07378186575745 67.95492587278814 137.08899250757213
53.885394773367175 67.70904820667967 136.68548226583337
53.88447596532703 67.80774566932256 136.9104530859793
53.57160963244613 67.65865806040323 136.82520519563312
54.230044147476434 68.33730555444475 137.77514295997122
51.8370937362241 68.55175181602922 138.09652044788697
51.26518178581319 67.68581844117763 136.5230811903158
53.64914294762678 68.20950109322203 136.70872589942357
53.72419367557764 68.2943110688535 136.95174708818635
54.020257311810774 68.59924658357713 137.59680198773694
53.830932974598404 68.41872840633812 136.93403756800762
53.840708667673 68.39207329217287 137.070105556662
53.76417449185784 68.3970594079078 137.02070335783827
54.05244658583784 68.16240165302392 137.22276086783756
53.94373959241932 67.8200773432205 136.83147948809952
53.82894840488381 67.53650416171224 136.39266745937377
54.41688327268365 68.11312126439087 137.5664888282723
53.84997629957339 67.57269369762916 136.5203526468369
53.64396125716545 67.57387605835353 136.6780220217037
60.1731660540195 66.85439347604485 143.05329255861366
54.23823635417084 68.17634521032736 137.4683905734738
54.3571228435336 68.1006514396011 137.772599324433
53.655808601809234 67.4719495650786 136.69160482004628
54.287856913699066 68.24700809928677 137.69742515211348
54.228500540237704 68.01032667657813 137.37593924538916
53.582744602754865 67.46109212304269 136.29671727207693
54.14664 68.11326600410413 137.45680601939404
53.287582729278284 67.22500396762419 136.02717822567845
54.181051786431155 68.14631884525441 137.4985081848238
53.360502310152825 67.4377612356196 136.35046375542376
53.63275286259542 67.51315315315316 136.3208008008008
53.86524907418468 67.91000080070462 136.87529025542477
53.526492951053385 67.43109836261503 136.23696267080993
53.20384462940943 67.15776456978739 135.80753121384978
54.04237016884052 67.84757422157857 137.0167752836109
53.694045997275424 67.34751258811681 136.63089627391741
53.24831228655389 66.91142172523962 135.59800319488818
53.87162459495139 67.73406478578892 137.16702837392492
53.56574394463668 67.46225728155339 136.8123786407767
53.786539387133004 67.57581372864969 136.86170641314857
53.611077808416255 67.3069911255672 136.61370116050276
53.57039523638253 67.44726790237627 136.70905874311447
54.007981390125536 68.0133870967742 137.40967741935484
53.40087475149105 67.24997004194128 136.30445376472937
53.67547788530753 67.60662400901445 136.9195541068051
54.01308523409364 68.02452436381151 137.47704102111263
53.80569043701593 67.74914366310699 137.1049365303244
54.11507539698412 68.01274115755626 137.27041800643087
53.998843377338176 67.86117788461539 136.97608173076924
53.751155378486054 67.7028282990145 136.63055844884224
54.0033458137497 68.1089461470753 137.31215491718012
53.56404038797901 67.56043604999401 136.68258595216227
53.40944819372767 67.45674768148385 136.39774544291654
53.87541428742563 67.84613530451551 137.3242005463603
54.111955217912836 68.13761246786632 137.72429305912596
53.86572159873991 67.69850462099878 136.8213874895879
53.80940259327023 67.79332292542333 137.0753372563148
53.95118853922775 67.77637619256716 137.0319348529001
54.43607670795046 68.33044072154594 137.8893575991322
54.07026383654037 67.81288392500997 136.9775827682489
54.30030663852495 68.24682657269851 137.4784767548953
54.633317299983965 68.64898796829101 138.338095046477
54.23125723177593 68.17827097187725 137.51950965467512
54.19249950129663 68.77045700324429 137.65650658869708
53.34149509900406 67.87488117870723 136.21657160963244
53.91349908359232 68.59371622973784 137.43538122873724
54.29359480250309 68.96623916257141 137.84557912821128
53.17926048174781 67.86193793540215 136.06123337555414
53.88439375273219 68.42956202925119 136.92061531104292
53.82379011515175 68.45564740481679 136.9851760591368
53.63791123955818 68.24161100508906 136.5269163486005
53.70807210031348 68.11570410613756 136.2929018542577
53.92630995725819 68.41051249403151 137.04603692503582
54.44119167893083 68.91580879419041 138.08826111244116
53.87009590235397 68.4323851203501 137.18010741993237
53.43704084050873 67.9475417642157 136.50466251339233
54.193078396934375 68.52605856667869 137.3646596963506
53.494082723134774 68.06369021587882 136.66624259531667
53.75802625336075 68.21903059197457 136.9342073897497
54.16715284715285 68.6583517144576 137.6140364948867
53.42767469403869 68.06034995833829 136.70928064119352
53.73212727128462 68.3407277369933 137.07225502713055
54.35969845638387 68.90789737021174 137.95977264539886
53.35576054955839 67.5744622064338 135.58259325044406
53.73346264993468 68.36055071425729 136.87159285344794
54.19802059542413 68.84103779268244 137.887103899755
53.24433656957929 68.06045810011513 136.1855424556389
53.930467661691544 68.6999800119928 137.46052368578853
54.091061519421935 68.26192958537172 137.33318630202902
54.498180800447805 68.76611898927409 137.86771381512875
53.864950120263394 68.1599094627328 136.74522495334153
53.88080896725039 68.0806038279811 136.899975975014
53.83093496581333 67.96178497035731 136.7496795385355
53.87225826997333 68.1596695938089 137.36272504911986
53.34039776995769 67.91221374045801 136.2521867048346
54.12809304190896 68.54442252727345 137.3069924721227
52.123975991564606 68.85490817487404 138.67097350885746
51.911048613901166 68.44851700024114 137.61506309782172
51.886999717297364 68.48382394622828 137.78847633315786
51.366594360086765 68.14916904752324 137.2479980684882
51.80294696270125 68.26149829282988 137.3490660775256
51.432777977546046 68.06657843019292 136.92556050214574
51.786322706254566 68.54282233502538 137.9255228426396
51.90913120567376 68.60390369802799 137.6984312618462
51.31904570970329 68.13712172969497 136.97427962866215
51.603528132425794 68.29918214415213 137.14016357116958
51.9292851652575 68.84660910454417 137.88653775994163
51.50194178644353 68.34937919395668 137.05701772009482
52.44327942896318 69.45146672061502 138.86053004248433
51.67025776075333 68.69461772232886 137.46880998080613
52.0195273181141 68.9906538291101 138.19135479192684
52.037714562011445 69.03142441155059 138.34882310118903
51.99453949763378 68.97468303155507 138.47219184186008
51.94676547166033 68.76296890672016 137.73500501504515
52.09893950349482 68.90344133628497 138.08601328235056
52.061802712898306 68.79278445883442 138.09524192575313
52.05430352433469 68.72374054659677 137.8804769717098
51.903730445246694 68.74463208685162 138.01407318053882
51.735681936595725 68.53993738460304 137.41575018062133
51.91152484385567 68.80819515306122 137.63879145408163
51.79703029577296 68.71524609843938 137.60128051220488
52.283444346360646 69.24207562349156 138.4134754625905
52.26660818247069 69.12232 138.46612
51.513355360057325 68.56572845034384 137.32852230929154
52.01775896847684 68.7869359895234 137.44350966308187
52.09669566605475 69.1877101681345 138.30732586068856
51.875880737231796 68.67751314322129 137.33351919706865
52.733284677452055 69.84177651591969 139.2829040762523
52.088028875075196 69.12592026390956 138.3165305547733
52.034714177285984 69.06822549647661 138.0480461242793
52.18447105788423 69.12509488992768 138.19940868592434
52.291235973132764 69.18873182552504 138.50973344103392
52.43817613590833 69.26433414917948 138.6335112145408
52.376795177798456 69.25249828053566 138.74232309746327
52.098775804128664 68.76799166533098 137.80970508094245
51.710825644288896 68.35613273313946 137.17081623710314
51.859199172929344 68.59126905169326 137.71630387202038
51.87692307692308 68.51935214957723 137.3462347663848
52.084967842447966 68.92211900376391 138.08012332826138
51.34264653430032 68.18514403618761 136.83624315530514
52.08138376310231 68.94432685011382 138.19737209952473
51.62271716690488 68.47651113678926 137.45945730565407
52.23272186016574 69.1328335952928 138.4383186233023
52.46110194389665 69.28209983481729 138.53897909028646
52.052410223228726 69.20329982163126 138.5208772498784
52.445670491934834 69.40861729090398 138.6045379571147
51.9063089078731 69.0645433368142 138.27845610089165
52.32878366952531 69.32432432432432 138.7184348527632
52.042737419072964 68.98072020395156 137.92925430210326
52.170801334888026 69.09744106387265 138.48228893814226
51.90689710098758 68.61597125174686 137.63892992613296
52.030935280664444 68.96166378374029 138.1772396315218
51.957491599530385 68.76600056746788 138.1411373677597
52.12420765465779 68.80534673366834 137.95847236180904
52.179897593033104 68.9600823377462 138.2938731030029
52.22825735531846 68.97967266114367 138.32867245908264
52.243037974683546 68.95604174221363 138.21777670333213
51.91329759361522 68.67178658043655 137.97700080840744
52.01575342465753 68.6764338398291 137.7304824473016
51.86892 68.65616355983163 137.81214672279015
52.013644115974984 68.94300370475919 138.61503073728778
51.76216345769753 68.50056080756289 137.53012337766384
51.10149325241556 68.03939782190903 136.74495515695068
51.33818834796489 68.17606646429142 137.01158332001918
51.9299931641803 69.0023386153784 138.17926696504173
51.538359415858714 68.48436554367561 137.48242888844058
51.72706890339112 68.52140390330094 137.22468074853424
51.844656288966654 69.00971695830981 138.11236997016368
51.83807749929141 68.9967923992042 138.47586178894798
51.73864046520954 68.5821261870272 137.67270239819732
51.7549628547071 68.66771083357064 137.98930067938653
51.522449639996765 68.58333333333333 137.8877269779507
51.785130620295455 68.5776004513763 137.71261032523273
51.67819859189124 68.7273206537167 138.12182164726875
51.93481264732179 68.71228141520943 138.24713298088653
51.7622781842435 68.70935980551053 138.35522690437602
51.2896328034277 68.04564032697547 136.9213415611476
52.337112316786786 69.25049685662138 138.9482863516528
51.906218473830755 68.76885153156066 138.18241331932433
51.865687895777036 68.78209739341281 138.12644978783592
51.89467297658051 68.96713995943205 138.4573630831643
51.45531794933752 68.4419731158923 137.64869010616397
51.75684600515464 68.8209395322535 138.05638809225673
52.00261464199517 69.06504294528006 138.52913423928385
51.69107128505987 68.6439628482972 137.86791845924972
51.88425795550549 68.99576339573919 138.25593124596514
52.0509306191963 69.09683842652795 138.67104193758126
51.765766490924456 68.7597127526526 138.20050833097994
52.21096654275093 69.16211403828255 138.88098417708713
51.600677637947726 68.48120786403456 137.7300472326511
51.64284576163161 68.24790619765494 137.198811517907
52.0536699279301 68.78394290092342 138.28698737852332
51.72309181862192 68.72732788609336 138.40332497370764
51.40561386768448 68.07690771074711 137.0806232520975
51.710636583400486 68.46420202020202 137.8939797979798
51.692627416165614 68.49894762405893 137.89184813405652
52.154639175257735 69.02940938183586 138.6655189176051
52.37805321167588 69.28823695801512 138.6132056410878
51.97724641730869 68.61655459494077 137.5240954210695
52.101805054151626 68.92591550428106 137.92523214213932
52.12050410082016 68.88949899799599 138.11150300601201
52.68832528180354 69.42917019304397 138.62684882924273
52.15638784184778 68.94294789321326 138.00120617561916
52.32103764885129 69.26980168148357 138.11701999275917
52.65114873035066 69.61932070594887 139.1137676184322
52.10775809900351 69.1249646135803 138.21090306143083
52.34602855419264 69.07589429584273 138.06119078311312
52.60562074109915 69.22626646198594 138.58705663731115
52.36310171198389 69.05944592520798 138.22502221145302
52.769956458635704 69.28566813390947 138.56968057182087
52.54171548624298 69.01500626946569 138.16248028151924
52.8499837292548 69.25679143078239 138.73416690424796
52.7624181278223 69.2273282318463 138.49727287528492
52.612379709672155 69.13333877351177 138.644579542209
53.16152656847587 69.58983643909187 139.1022459109773
52.75637208922964 69.24123989218329 138.61136976231316
52.32036133403234 68.82757367783609 137.94150181671375
52.53677481996925 69.23371259667167 138.25391747985586
53.10648925281474 69.64860985811531 139.23353563520052
52.46764420746486 68.64967869700521 137.32077759366285
52.54189013489355 69.06308506308507 138.2070818070818
52.13688428380621 68.82586781562475 137.6320217868466
52.73840074952137 69.38354936007174 138.65317518545692
52.42018750760989 69.25927281600781 138.2820888238165
52.60965680087937 69.51832674195784 138.71089003954825
52.76035889070147 69.67858746682997 138.80853235354155
52.47018030513176 69.29025406421044 138.359366064864
52.640119906019606 69.37383329275221 138.32485187890595
52.48530967689428 69.17684743134615 138.19647447668012
53.313343084674145 69.26357697019192 139.71498570845242
52.32948117019557 68.88269759172458 137.68243898496848
52.31646033555954 69.01938063568485 138.15239299849034
52.04916690547345 68.5930604544336 137.52013780657862
52.44634166125892 69.11579075623426 138.3145967021363
51.96678635547576 68.61234416513386 137.5746576742285
52.35270907907582 68.90365028925284 138.03304000651838
52.42419080068143 69.04254713914175 138.2310630689207
52.23309434577155 68.92514591241174 137.95053263132118
52.4234501238277 69.18914741295151 138.25284738041003
52.53015456520848 69.3479903107936 138.75358213244652
52.27349006890961 68.91555591677503 137.98467977893367
52.39758744503167 69.1078534454869 138.0637334196053
52.501851324409 69.26317718940936 138.45189409368635
52.49955400583847 69.11123289895669 137.99370762797872
52.770165070307726 69.50028583095141 138.6911800734994
52.02945930655459 68.83747013807346 137.61307041341053
52.87726865793115 69.65951120162933 138.80069246435846
52.004998790615176 68.91012054040935 137.84912223930104
52.32789877114004 69.06263954857305 138.05663134819144
52.10988966739148 68.75150705991827 137.54569729336083
52.276084647438516 69.11603746574502 138.34218168432247
52.54137566996914 69.11924703203773 138.43372906163603
52.23715431024011 68.81462840443236 137.96245484433982
51.74453815261044 68.1869286836065 136.83405146377802
52.30090843315379 68.67407078932516 137.39220349915342
52.471552320143154 69.12705719406877 138.49857422193253
52.03151618398637 68.67651721474736 137.71265395715622
52.32177716576891 69.03859734567149 138.16676813182355
53.58499147242752 68.9859769271534 139.61583302759774
51.66657305624649 68.38161974950667 136.8592887922355
52.9050757265657 69.59056827959192 139.05592657844062
52.14481621491193 68.68175047304642 137.2723137002295
52.46191596365996 69.18270832486897 138.39645715678705
51.68825729852809 68.64291243939209 137.62914069184697
51.70879766584269 68.41375811688312 137.21152597402596
52.286362892670155 69.49228376110361 138.89266854967457
51.19789321325185 68.19423503325942 136.67546865551301
51.5339306520953 68.29560178664842 136.846444811074
51.770459891313166 68.62439539893509 137.73539812218021
51.2272653524783 68.07270138323841 136.88454027664767
51.75625458397849 68.35209830176355 137.49428478118875
50.99060397177089 67.68556701030928 136.71925773195878
51.615618702965 68.10402076295625 137.4076378017632
51.25788572825821 67.80234171018277 136.5327186684073
51.635258980443496 67.94593820339676 137.25410272150603
51.12602817819041 67.8289006005638 136.66678923070637
50.99335726368775 67.64853694825591 136.4707802942635
51.03953803789405 67.69177321876413 136.47120009867203
51.36212089952548 68.06369611044516 136.96999131980326
50.72359191040735 67.42134692870653 136.06730532028615
50.66953019030786 67.42033396397137 136.2165830385786
51.198981933491886 67.98317498849035 137.06918344284938
53.510620609386045 67.73647098093211 136.78691534192848
53.595834201208085 68.38585706519467 137.01768912307114
53.561249065692216 68.37138927097662 137.14563794756367
53.25422342209678 67.81947011706716 135.98591086465393
53.72583436341162 68.4755088532186 137.11281648187986
53.56211628002802 68.36954457244312 136.91828729509888
53.31142613428653 68.03178104575163 136.2313725490196
53.66774022585511 68.39179348715432 136.89011618393062
53.16676090468498 67.74264616383333 135.9662839290786
53.37214120323354 67.8033588781999 136.15477743355618
53.25162654521796 67.66358390964521 136.07484552113598
53.36504606778546 67.94861202908129 136.69902511566426
53.88431590656285 68.40026425533672 137.256038647343
53.14920143415906 67.7332869934988 136.37159095555464
51.67901285262596 68.24569195969566 137.43491671807527
53.4055305152881 67.99278522806016 136.50556393429258
53.28391539997555 67.86989440942948 136.39400016370632
53.35300328960728 67.94088810817435 136.30944891539687
53.546951219512195 68.26423494812515 136.88391471285027
53.83492950799457 68.41134547252204 137.15852352311114
53.85305453054531 68.62661843890008 137.4946771342842
54.34985072151269 69.19272259563522 138.62530080491246
53.20393736385681 67.90873097702809 136.127644657071
53.39954272649329 68.1566739068071 136.58698413999426
53.75118384979646 68.66306021389039 137.5313137197786
54.38156051742605 69.24115729084981 138.32704610177885
53.621572960144036 68.38895952097774 137.01394414141
53.82739288783402 68.03884892086332 137.09027749229188
53.82923847940349 67.87689913591875 136.9051148695688
53.394584454775305 67.50958074025549 136.4044792007861
53.81536140894451 67.58237845801277 136.4231052545425
53.81500944248296 67.9820675977192 137.31790761094123
54.089299077076575 68.3075190791943 137.86363067684223
53.878953152346455 67.77347614570132 137.00118556068844
53.73292662954471 67.8185520361991 136.95322912381735
53.672224732021846 67.66550911571376 136.6256562900492
53.92636037797328 67.95414909731035 137.1051295697384
53.66524782057054 67.88662850553885 136.9781328501421
54.56469375128893 68.73180916156772 138.24417066313876
54.173181855199935 68.37349002907334 137.5913353261537
53.28086270722678 67.32313862108077 135.97974560479625
54.274285246840364 68.40209947923074 137.56407102144584
54.27353673977862 68.50196576296175 137.77254484396755
53.99833313005651 68.31653910694553 137.22715180288952
54.50578552803129 68.65778705295033 137.9216793518291
54.03161269377485 68.48094655242758 137.6017135862913
54.08782792895551 68.44368908182489 137.57076746662298
53.79187837728849 68.08118410381184 137.24663422546635
53.80009715812485 68.02156455097632 137.23851453263217
53.90783838383838 68.23678646934461 137.62319076272564
54.19666720990873 68.08433882776391 137.35776514376866
54.42050046944524 68.49058457507778 138.02448010479776
53.94714604915702 68.02481733948325 137.21139638352585
54.07321063394683 68.0953983826608 137.57961495833504
54.172108980827446 67.97928215918748 137.26172459838952
54.47080801445229 68.65659816786334 138.32210943302798
53.982624301505076 67.99386653581944 137.31628230291136
53.83787504555209 68.11588244871378 137.33144741126668
53.79708963437003 67.83148458925136 137.05046866685768
53.47547382399099 67.58990038065927 136.43581436786263
54.19416082338951 68.36892964348863 137.661745959949
61.25640493294025 68.41018178750686 145.46020498544857
54.2716930353939 68.38911381016644 137.6826565247618
53.309043885216965 67.79972780137749 137.77481750319626
59.452180407451976 67.49369224927219 144.8957849879752
52.240859953844286 67.15463201340361 136.9250950104205
52.05800258147789 67.29727417186163 137.11502261337245
52.02441776130228 66.86024605140281 136.4754151609891
52.39945784107461 67.35907555844895 137.18122634983928
52.27641713191247 67.20668717948718 137.66978461538463
52.26490713587488 67.13101296995568 137.18166146773927
50.123302797317194 67.42764127764127 137.58804258804258
49.69305685184434 66.86983210699621 136.56229928045855
49.822598961713176 67.18933875890133 137.20663275686672
50.19465917076599 67.65681968843222 138.22746105402717
49.866148777809414 66.91434279191128 136.9867090671885
49.94217978536744 67.31459109709652 137.57832016053072
49.75067517800147 66.99053084648493 137.01676573068252
50.163286169951746 67.27347307108577 137.44042003363552
49.71688997157938 67.05359179019385 136.93928164196123
49.78882369835474 67.28105193843115 137.53893324553462
49.825142349473005 67.25618259952972 137.1900997324252
51.95797189981674 67.36052975801178 136.99198822759973
52.04132736156352 67.47442565215611 137.0230148654736
51.89121119016818 67.53059479705247 137.01013719822498
52.29835599756444 67.67402480822588 137.10502692998205
52.51870242989133 67.81868738499284 137.60821917808218
51.696335078534034 67.04312056737588 136.36222897669705
51.973518796382656 67.32708146456821 136.83817173611678
52.53578874218207 67.69774985628644 137.57908351810792
52.02369264473204 67.16116409880166 136.81963805331378
51.876204355922596 67.1354331990396 136.65372563382576
52.11290191620656 67.27633406880771 137.1808858380322
52.467424682546266 67.69882980052472 137.88918502477824
52.41418971843179 67.6388969400853 137.5795205167488
52.34383493946133 67.64809226571866 137.93683601339342
51.699458848235196 66.83277728049475 136.2517698754984
51.82603243942887 66.97724224814077 136.48079814686878
51.49293831168831 66.73415600866261 136.13639521104892
52.0592677721228 67.18446521971912 136.77603887813515
52.43286377330836 67.18832260445282 137.3891918487843
51.9528263686427 66.75731757032206 136.7927028128822
52.66296038915914 67.48157894736842 137.7625
59.57058944341754 67.1426956412511 144.93463970188
52.241270749856895 67.15135802469136 137.2865843621399
58.16644753061057 67.19541480148935 142.66414257624567
58.31471935853379 67.18190527762737 142.8531261715333
52.80334881447079 67.27545916693998 137.3932846835028
53.27254740313273 67.66400099444766 137.82050219607194
53.18639126149803 67.76654275092937 138.00520446096655
52.61442480772378 66.93077113606341 136.91202939233818
52.73957604445359 67.20494553286667 137.14488671664665
52.806586900209695 67.39134767084613 137.34966370505688
53.2049041829796 67.34411496728237 137.18205914023028
52.999296590532936 67.42010062788474 137.16104619734708
53.354927721263536 67.56993918331885 137.23292375160315
52.58565456727784 66.94384224130744 136.68956891520054
52.63329620921503 66.98248519730032 136.635543041696
52.476724923382754 66.90763269727523 136.68919256728606
52.71897656381723 67.25495175215846 137.36046216353478
52.31599132899783 67.0218239811978 136.66575733411676
